<!--

    jumbo-converters - Conversion templates used for format conversions by the jumbo-saxon project.
    Copyright © 2014 ioChem-BD (contact@iochem-bd.org)

    This program is free software: you can redistribute it and/or modify
    it under the terms of the GNU Affero General Public License as published by
    the Free Software Foundation, either version 3 of the License, or
    (at your option) any later version.

    This program is distributed in the hope that it will be useful,
    but WITHOUT ANY WARRANTY; without even the implied warranty of
    MERCHANTABILITY or FITNESS FOR A PARTICULAR PURPOSE.  See the
    GNU Affero General Public License for more details.

    You should have received a copy of the GNU Affero General Public License
    along with this program.  If not, see <http://www.gnu.org/licenses/>.

-->
<template id="atomeigen" name="Eigenvalues per atom section" pattern="\s*atom.*Tr\[ns\(na\)\]\s+\(up,\sdown,\stotal\).*" endPattern="\s*N\sof\soccupied\s\+U\slevels.*" repeat="*" keep="last">

<comment class="example.input" id="atomeigen">
atom    1   Tr[ns(na)] (up, down, total) =   4.58906  2.19145  6.78051
   spin  1
    eigenvalues: 
  0.808  0.814  0.987  0.988  0.992
    eigenvectors:
  0.000  0.000  0.031  0.171  0.797
  0.232  0.260  0.483  0.019  0.006
  0.275  0.220  0.012  0.399  0.094
  0.036  0.482  0.421  0.022  0.038
  0.457  0.038  0.053  0.388  0.064
    occupations:
  0.991  0.002 -0.000 -0.000  0.002
  0.002  0.901  0.004 -0.077 -0.041
 -0.000  0.004  0.901 -0.039  0.080
 -0.000 -0.077 -0.039  0.897  0.000
  0.002 -0.041  0.080  0.000  0.899
   spin  2
    eigenvalues: 
  0.349  0.367  0.390  0.539  0.546
    eigenvectors:
  0.840  0.150  0.010  0.000  0.000
  0.039  0.106  0.478  0.176  0.202
  0.049  0.415  0.164  0.172  0.200
  0.001  0.010  0.339  0.642  0.008
  0.071  0.320  0.009  0.010  0.590
    occupations:
  0.352 -0.002  0.002  0.003  0.008
 -0.002  0.444  0.001  0.056  0.054
  0.002  0.001  0.435  0.044 -0.071
  0.003  0.056  0.044  0.487  0.000
  0.008  0.054 -0.071  0.000  0.473
atomic mag. moment =     2.397614
atom    2   Tr[ns(na)] (up, down, total) =   2.22084  4.57506  6.79590
   spin  1
    eigenvalues: 
  0.353  0.372  0.406  0.542  0.547
    eigenvectors:
  0.789  0.103  0.106  0.002  0.000
  0.072  0.003  0.576  0.257  0.091
  0.044  0.561  0.033  0.063  0.299
  0.010  0.091  0.217  0.658  0.024
  0.084  0.242  0.068  0.021  0.585
    occupations:
  0.361  0.009  0.003  0.013 -0.011
  0.009  0.450  0.002 -0.050  0.048
  0.003  0.002  0.436  0.046  0.070
  0.013 -0.050  0.046  0.496 -0.002
 -0.011  0.048  0.070 -0.002  0.479
   spin  2
    eigenvalues: 
  0.801  0.810  0.986  0.988  0.990
    eigenvectors:
  0.000  0.000  0.007  0.128  0.865
  0.119  0.365  0.505  0.004  0.006
  0.389  0.106  0.012  0.434  0.059
  0.001  0.528  0.425  0.046  0.000
  0.491  0.001  0.050  0.388  0.070
    occupations:
  0.990 -0.001  0.000  0.001 -0.001
 -0.001  0.900 -0.005  0.079 -0.041
  0.000 -0.005  0.897 -0.039 -0.084
  0.001  0.079 -0.039  0.893 -0.001
 -0.001 -0.041 -0.084 -0.001  0.896
atomic mag. moment =    -2.354221
atom    3   Tr[ns(na)] (up, down, total) =   4.97228  1.24210  6.21438
   spin  1
    eigenvalues: 
  0.991  0.992  0.996  0.997  0.997
    eigenvectors:
  0.000  0.000  0.999  0.000  0.001
  0.006  0.538  0.000  0.151  0.304
  0.534  0.006  0.000  0.307  0.152
  0.031  0.425  0.000  0.261  0.283
  0.429  0.030  0.000  0.280  0.261
    occupations:
  0.996  0.000  0.000 -0.000 -0.000
  0.000  0.994 -0.000 -0.002 -0.000
  0.000 -0.000  0.994 -0.000  0.003
 -0.000 -0.002 -0.000  0.994  0.000
 -0.000 -0.000  0.003  0.000  0.994
   spin  2
    eigenvalues: 
  0.138  0.140  0.141  0.410  0.413
    eigenvectors:
  0.004  0.095  0.902  0.000  0.000
  0.341  0.078  0.016  0.548  0.017
  0.100  0.326  0.028  0.018  0.528
  0.335  0.198  0.033  0.434  0.000
  0.221  0.303  0.021  0.000  0.454
    occupations:
  0.141  0.000 -0.001 -0.000  0.001
  0.000  0.292  0.001  0.131  0.028
 -0.001  0.001  0.289  0.027 -0.133
 -0.000  0.131  0.027  0.257 -0.001
  0.001  0.028 -0.133 -0.001  0.264
atomic mag. moment =     3.730180
atom    4   Tr[ns(na)] (up, down, total) =   1.29342  4.93691  6.23033
   spin  1
    eigenvalues: 
  0.116  0.143  0.160  0.409  0.466
    eigenvectors:
  0.848  0.129  0.019  0.003  0.000
  0.007  0.124  0.200  0.092  0.577
  0.032  0.205  0.109  0.582  0.073
  0.000  0.140  0.538  0.071  0.251
  0.112  0.402  0.134  0.252  0.099
    occupations:
  0.121  0.004  0.006 -0.004  0.017
  0.004  0.357 -0.001 -0.139 -0.040
  0.006 -0.001  0.322 -0.006  0.129
 -0.004 -0.139 -0.006  0.252  0.010
  0.017 -0.040  0.129  0.010  0.241
   spin  2
    eigenvalues: 
  0.962  0.988  0.995  0.996  0.996
    eigenvectors:
  0.000  0.002  0.284  0.714  0.000
  0.528  0.203  0.010  0.011  0.248
  0.131  0.495  0.206  0.097  0.070
  0.211  0.053  0.096  0.037  0.602
  0.129  0.247  0.403  0.141  0.079
    occupations:
  0.996  0.000  0.000 -0.000 -0.000
  0.000  0.976  0.006  0.012  0.007
  0.000  0.006  0.987 -0.004 -0.007
 -0.000  0.012 -0.004  0.988 -0.005
 -0.000  0.007 -0.007 -0.005  0.989
atomic mag. moment =    -3.643491
atom    5   Tr[ns(na)] (up, down, total) =   4.97164  1.27839  6.25003
   spin  1
    eigenvalues: 
  0.991  0.991  0.997  0.997  0.997
    eigenvectors:
  0.000  0.000  0.073  0.059  0.868
  0.478  0.042  0.116  0.361  0.002
  0.039  0.476  0.327  0.098  0.060
  0.481  0.002  0.052  0.452  0.014
  0.002  0.480  0.431  0.030  0.056
    occupations:
  0.997 -0.000  0.000 -0.000  0.000
 -0.000  0.994 -0.000 -0.003 -0.001
  0.000 -0.000  0.994 -0.001  0.003
 -0.000 -0.003 -0.001  0.994  0.000
  0.000 -0.001  0.003  0.000  0.994
   spin  2
    eigenvalues: 
  0.146  0.149  0.151  0.410  0.423
    eigenvectors:
  0.165  0.120  0.715  0.000  0.000
  0.014  0.374  0.031  0.019  0.562
  0.348  0.000  0.086  0.549  0.017
  0.066  0.483  0.031  0.000  0.421
  0.408  0.023  0.136  0.432  0.000
    occupations:
  0.150  0.004 -0.001  0.003 -0.002
  0.004  0.308 -0.000  0.133  0.021
 -0.001 -0.000  0.296  0.024 -0.129
  0.003  0.133  0.024  0.264 -0.001
 -0.002  0.021 -0.129 -0.001  0.261
atomic mag. moment =     3.693250
atom    6   Tr[ns(na)] (up, down, total) =   1.27413  4.97049  6.24462
   spin  1
    eigenvalues: 
  0.146  0.148  0.149  0.415  0.416
    eigenvectors:
  0.943  0.001  0.056  0.000  0.000
  0.002  0.390  0.013  0.331  0.264
  0.020  0.015  0.378  0.262  0.325
  0.000  0.594  0.000  0.149  0.256
  0.034  0.000  0.553  0.258  0.154
    occupations:
  0.146 -0.001  0.001  0.001  0.001
 -0.001  0.307 -0.000 -0.129  0.024
  0.001 -0.000  0.305  0.025  0.129
  0.001 -0.129  0.025  0.257  0.001
  0.001  0.024  0.129  0.001  0.259
   spin  2
    eigenvalues: 
  0.990  0.990  0.997  0.997  0.997
    eigenvectors:
  0.000  0.000  0.466  0.065  0.469
  0.308  0.244  0.023  0.300  0.125
  0.241  0.306  0.221  0.119  0.112
  0.336  0.113  0.069  0.270  0.212
  0.115  0.337  0.220  0.245  0.083
    occupations:
  0.997  0.000 -0.000 -0.000 -0.000
  0.000  0.993  0.000  0.003 -0.001
 -0.000  0.000  0.993 -0.001 -0.003
 -0.000  0.003 -0.001  0.994 -0.000
 -0.000 -0.001 -0.003 -0.000  0.994
atomic mag. moment =    -3.696366
atom    7   Tr[ns(na)] (up, down, total) =   4.97082  1.27287  6.24369
   spin  1
    eigenvalues: 
  0.991  0.991  0.997  0.997  0.997
    eigenvectors:
  0.000  0.000  0.015  0.001  0.984
  0.122  0.442  0.169  0.267  0.001
  0.449  0.122  0.258  0.165  0.006
  0.038  0.398  0.316  0.244  0.003
  0.391  0.038  0.241  0.324  0.006
    occupations:
  0.997  0.000  0.000  0.000  0.000
  0.000  0.993  0.000 -0.003 -0.001
  0.000  0.000  0.993 -0.001  0.003
  0.000 -0.003 -0.001  0.994 -0.000
  0.000 -0.001  0.003 -0.000  0.994
   spin  2
    eigenvalues: 
  0.146  0.147  0.147  0.416  0.417
    eigenvectors:
  0.959  0.008  0.033  0.000  0.000
  0.016  0.159  0.233  0.520  0.072
  0.001  0.241  0.161  0.071  0.526
  0.024  0.144  0.424  0.394  0.015
  0.000  0.449  0.149  0.015  0.387
    occupations:
  0.146 -0.001  0.001 -0.000 -0.001
 -0.001  0.306 -0.001  0.130  0.022
  0.001 -0.001  0.308  0.021 -0.131
 -0.000  0.130  0.021  0.257 -0.000
 -0.001  0.022 -0.131 -0.000  0.256
atomic mag. moment =     3.697951
atom    8   Tr[ns(na)] (up, down, total) =   1.27234  4.97077  6.24310
   spin  1
    eigenvalues: 
  0.145  0.146  0.147  0.416  0.418
    eigenvectors:
  0.943  0.000  0.056  0.000  0.000
  0.014  0.134  0.249  0.045  0.558
  0.010  0.264  0.127  0.553  0.045
  0.015  0.300  0.288  0.006  0.391
  0.018  0.302  0.279  0.396  0.005
    occupations:
  0.145 -0.001 -0.001  0.000 -0.000
 -0.001  0.310 -0.001 -0.131  0.021
 -0.001 -0.001  0.308  0.021  0.131
  0.000 -0.131  0.021  0.254 -0.000
 -0.000  0.021  0.131 -0.000  0.255
   spin  2
    eigenvalues: 
  0.990  0.991  0.997  0.997  0.997
    eigenvectors:
  0.000  0.000  0.012  0.020  0.968
  0.204  0.374  0.316  0.095  0.011
  0.372  0.204  0.103  0.319  0.002
  0.082  0.340  0.335  0.225  0.018
  0.342  0.082  0.234  0.340  0.001
    occupations:
  0.997  0.000  0.000  0.000  0.000
  0.000  0.993 -0.000  0.003 -0.001
  0.000 -0.000  0.993 -0.001 -0.003
  0.000  0.003 -0.001  0.994  0.000
  0.000 -0.001 -0.003  0.000  0.994
atomic mag. moment =    -3.698428
atom    9   Tr[ns(na)] (up, down, total) =   4.97049  1.27413  6.24462
   spin  1
    eigenvalues: 
  0.990  0.990  0.997  0.997  0.997
    eigenvectors:
  0.000  0.000  0.464  0.064  0.471
  0.494  0.054  0.235  0.001  0.217
  0.055  0.496  0.011  0.419  0.019
  0.341  0.111  0.290  0.028  0.229
  0.110  0.338  0.000  0.488  0.064
    occupations:
  0.997  0.000 -0.000  0.000  0.000
  0.000  0.993  0.000 -0.003 -0.001
 -0.000  0.000  0.993 -0.001  0.003
  0.000 -0.003 -0.001  0.994 -0.000
  0.000 -0.001  0.003 -0.000  0.994
   spin  2
    eigenvalues: 
  0.146  0.148  0.149  0.415  0.416
    eigenvectors:
  0.943  0.000  0.056  0.000  0.000
  0.010  0.175  0.227  0.024  0.564
  0.012  0.230  0.163  0.569  0.026
  0.023  0.150  0.414  0.061  0.352
  0.011  0.444  0.140  0.347  0.058
    occupations:
  0.146 -0.001  0.001 -0.002 -0.000
 -0.001  0.306 -0.001  0.129  0.024
  0.001 -0.001  0.307  0.024 -0.129
 -0.002  0.129  0.024  0.259 -0.001
 -0.000  0.024 -0.129 -0.001  0.256
atomic mag. moment =     3.696362
atom   10   Tr[ns(na)] (up, down, total) =   1.27717  4.97175  6.24892
   spin  1
    eigenvalues: 
  0.147  0.148  0.150  0.412  0.419
    eigenvectors:
  0.002  0.002  0.996  0.000  0.000
  0.093  0.343  0.002  0.194  0.369
  0.338  0.087  0.000  0.372  0.202
  0.204  0.355  0.002  0.229  0.209
  0.364  0.211  0.000  0.204  0.220
    occupations:
  0.150  0.000  0.001  0.000  0.001
  0.000  0.299  0.003 -0.131  0.024
  0.001  0.003  0.301  0.022  0.130
  0.000 -0.131  0.022  0.265 -0.001
  0.001  0.024  0.130 -0.001  0.262
   spin  2
    eigenvalues: 
  0.991  0.991  0.997  0.997  0.997
    eigenvectors:
  0.000  0.000  0.000  0.017  0.983
  0.137  0.369  0.308  0.183  0.003
  0.383  0.137  0.176  0.299  0.005
  0.049  0.447  0.207  0.292  0.005
  0.431  0.048  0.309  0.209  0.004
    occupations:
  0.997  0.000  0.000  0.000  0.000
  0.000  0.994 -0.000  0.003 -0.001
  0.000 -0.000  0.994 -0.001 -0.003
  0.000  0.003 -0.001  0.994  0.000
  0.000 -0.001 -0.003  0.000  0.994
atomic mag. moment =    -3.694572
atom   11   Tr[ns(na)] (up, down, total) =   4.93689  1.29345  6.23035
   spin  1
    eigenvalues: 
  0.962  0.988  0.995  0.996  0.996
    eigenvectors:
  0.000  0.002  0.283  0.715  0.000
  0.458  0.148  0.118  0.047  0.229
  0.201  0.551  0.099  0.060  0.089
  0.293  0.099  0.156  0.052  0.399
  0.047  0.200  0.344  0.126  0.282
    occupations:
  0.996  0.000 -0.000  0.000  0.000
  0.000  0.979  0.008 -0.013 -0.004
 -0.000  0.008  0.984  0.006  0.006
  0.000 -0.013  0.006  0.985 -0.003
  0.000 -0.004  0.006 -0.003  0.992
   spin  2
    eigenvalues: 
  0.116  0.143  0.160  0.409  0.466
    eigenvectors:
  0.848  0.129  0.019  0.003  0.000
  0.039  0.322  0.004  0.259  0.376
  0.000  0.006  0.305  0.415  0.274
  0.090  0.542  0.002  0.091  0.274
  0.022  0.000  0.670  0.232  0.076
    occupations:
  0.121 -0.003 -0.007 -0.013  0.012
 -0.003  0.332 -0.016  0.146 -0.011
 -0.007 -0.016  0.347 -0.036 -0.122
 -0.013  0.146 -0.036  0.253  0.010
  0.012 -0.011 -0.122  0.010  0.240
atomic mag. moment =     3.643439
atom   12   Tr[ns(na)] (up, down, total) =   1.25175  4.97202  6.22377
   spin  1
    eigenvalues: 
  0.141  0.142  0.144  0.413  0.413
    eigenvectors:
  0.882  0.062  0.055  0.000  0.000
  0.017  0.408  0.018  0.156  0.401
  0.037  0.010  0.398  0.404  0.151
  0.010  0.437  0.113  0.230  0.211
  0.054  0.082  0.416  0.209  0.238
    occupations:
  0.141  0.001 -0.002 -0.002 -0.001
  0.001  0.293 -0.002 -0.130  0.035
 -0.002 -0.002  0.293  0.034  0.129
 -0.002 -0.130  0.034  0.261 -0.001
 -0.001  0.035  0.129 -0.001  0.264
   spin  2
    eigenvalues: 
  0.991  0.991  0.996  0.997  0.997
    eigenvectors:
  0.000  0.000  0.999  0.000  0.001
  0.040  0.504  0.000  0.193  0.263
  0.508  0.038  0.000  0.258  0.195
  0.080  0.375  0.000  0.325  0.220
  0.372  0.083  0.000  0.224  0.321
    occupations:
  0.996  0.000  0.000  0.000  0.000
  0.000  0.994  0.000  0.003 -0.000
  0.000  0.000  0.994 -0.000 -0.003
  0.000  0.003 -0.000  0.994 -0.000
  0.000 -0.000 -0.003 -0.000  0.994
atomic mag. moment =    -3.720267
atom   34   Tr[ns(na)] (up, down, total) =   4.59542  2.16583  6.76125
   spin  1
    eigenvalues: 
  0.805  0.812  0.990  0.992  0.995
    eigenvectors:
  0.006  0.013  0.367  0.131  0.483
  0.069  0.461  0.354  0.043  0.072
  0.483  0.093  0.000  0.316  0.108
  0.180  0.280  0.238  0.191  0.111
  0.262  0.152  0.041  0.318  0.226
    occupations:
  0.989 -0.016 -0.005 -0.018 -0.002
 -0.016  0.896  0.003 -0.085 -0.023
 -0.005  0.003  0.886 -0.026  0.088
 -0.018 -0.085 -0.026  0.908  0.004
 -0.002 -0.023  0.088  0.004  0.916
   spin  2
    eigenvalues: 
  0.228  0.411  0.445  0.530  0.552
    eigenvectors:
  0.533  0.368  0.003  0.085  0.010
  0.017  0.094  0.572  0.274  0.043
  0.129  0.351  0.024  0.004  0.491
  0.227  0.018  0.115  0.596  0.044
  0.094  0.168  0.286  0.041  0.412
    occupations:
  0.325 -0.004 -0.036  0.094 -0.042
 -0.004  0.466 -0.029  0.045  0.010
 -0.036 -0.029  0.458  0.060 -0.079
  0.094  0.045  0.060  0.450  0.032
 -0.042  0.010 -0.079  0.032  0.466
atomic mag. moment =     2.429585
atom   35   Tr[ns(na)] (up, down, total) =   2.19147  4.58905  6.78052
   spin  1
    eigenvalues: 
  0.349  0.367  0.390  0.539  0.546
    eigenvectors:
  0.840  0.150  0.010  0.000  0.000
  0.084  0.519  0.000  0.023  0.374
  0.004  0.002  0.642  0.325  0.027
  0.061  0.194  0.141  0.099  0.505
  0.011  0.136  0.208  0.553  0.093
    occupations:
  0.352 -0.003  0.001 -0.008  0.001
 -0.003  0.436 -0.003 -0.071  0.053
  0.001 -0.003  0.443  0.045  0.055
 -0.008 -0.071  0.045  0.477  0.006
  0.001  0.053  0.055  0.006  0.484
   spin  2
    eigenvalues: 
  0.808  0.814  0.987  0.988  0.992
    eigenvectors:
  0.000  0.000  0.031  0.171  0.797
  0.482  0.023  0.063  0.380  0.051
  0.024  0.457  0.431  0.038  0.050
  0.464  0.032  0.273  0.217  0.015
  0.030  0.489  0.201  0.194  0.087
    occupations:
  0.991  0.001 -0.001 -0.002  0.001
  0.001  0.897  0.002  0.080 -0.040
 -0.001  0.002  0.904 -0.039 -0.077
 -0.002  0.080 -0.039  0.899 -0.001
  0.001 -0.040 -0.077 -0.001  0.898
atomic mag. moment =    -2.397581
atom   36   Tr[ns(na)] (up, down, total) =   4.97245  1.24299  6.21544
   spin  1
    eigenvalues: 
  0.991  0.992  0.996  0.997  0.997
    eigenvectors:
  0.000  0.000  0.996  0.004  0.000
  0.504  0.044  0.000  0.031  0.421
  0.039  0.503  0.003  0.419  0.035
  0.449  0.006  0.000  0.008  0.537
  0.008  0.447  0.001  0.538  0.006
    occupations:
  0.996  0.000 -0.000 -0.000  0.000
  0.000  0.994 -0.000 -0.003 -0.000
 -0.000 -0.000  0.994 -0.000  0.002
 -0.000 -0.003 -0.000  0.994  0.000
  0.000 -0.000  0.002  0.000  0.994
   spin  2
    eigenvalues: 
  0.137  0.139  0.141  0.409  0.416
    eigenvectors:
  0.012  0.000  0.988  0.000  0.000
  0.304  0.129  0.003  0.311  0.253
  0.139  0.302  0.003  0.260  0.296
  0.472  0.082  0.005  0.144  0.297
  0.073  0.487  0.001  0.285  0.154
    occupations:
  0.141 -0.000  0.002  0.001 -0.002
 -0.000  0.293 -0.001  0.134  0.025
  0.002 -0.001  0.291  0.031 -0.133
  0.001  0.134  0.031  0.259 -0.004
 -0.002  0.025 -0.133 -0.004  0.259
atomic mag. moment =     3.729467
atom   37   Tr[ns(na)] (up, down, total) =   1.51020  4.85306  6.36326
   spin  1
    eigenvalues: 
  0.157  0.191  0.193  0.484  0.486
    eigenvectors:
  0.999  0.000  0.001  0.000  0.000
  0.000  0.075  0.285  0.201  0.438
  0.000  0.274  0.076  0.442  0.208
  0.000  0.280  0.361  0.046  0.312
  0.000  0.371  0.277  0.310  0.042
    occupations:
  0.157  0.000  0.001  0.001  0.001
  0.000  0.380  0.001 -0.137 -0.033
  0.001  0.001  0.382 -0.034  0.136
  0.001 -0.137 -0.034  0.297  0.002
  0.001 -0.033  0.136  0.002  0.295
   spin  2
    eigenvalues: 
  0.933  0.935  0.995  0.995  0.995
    eigenvectors:
  0.000  0.000  0.003  0.001  0.996
  0.002  0.627  0.355  0.015  0.001
  0.634  0.002  0.015  0.349  0.000
  0.019  0.351  0.624  0.004  0.002
  0.345  0.020  0.004  0.630  0.001
    occupations:
  0.995  0.000 -0.000  0.000 -0.000
  0.000  0.957  0.000  0.028  0.008
 -0.000  0.000  0.956  0.008 -0.029
  0.000  0.028  0.008  0.973  0.000
 -0.000  0.008 -0.029  0.000  0.972
atomic mag. moment =    -3.342861
atom   38   Tr[ns(na)] (up, down, total) =   4.97175  1.27717  6.24891
   spin  1
    eigenvalues: 
  0.991  0.991  0.997  0.997  0.997
    eigenvectors:
  0.000  0.000  0.000  0.017  0.983
  0.123  0.389  0.007  0.473  0.008
  0.397  0.116  0.477  0.009  0.000
  0.209  0.275  0.064  0.443  0.008
  0.270  0.220  0.451  0.057  0.001
    occupations:
  0.997 -0.000 -0.000 -0.000 -0.000
 -0.000  0.994 -0.000 -0.003 -0.001
 -0.000 -0.000  0.994 -0.001  0.003
 -0.000 -0.003 -0.001  0.994 -0.000
 -0.000 -0.001  0.003 -0.000  0.994
   spin  2
    eigenvalues: 
  0.147  0.148  0.150  0.412  0.419
    eigenvectors:
  0.002  0.002  0.996  0.000  0.000
  0.430  0.001  0.001  0.560  0.007
  0.001  0.429  0.001  0.006  0.563
  0.560  0.010  0.000  0.398  0.032
  0.008  0.557  0.002  0.036  0.398
    occupations:
  0.150 -0.001 -0.001 -0.001  0.000
 -0.001  0.298  0.002  0.129  0.023
 -0.001  0.002  0.302  0.023 -0.132
 -0.001  0.129  0.023  0.262  0.001
  0.000  0.023 -0.132  0.001  0.265
atomic mag. moment =     3.694576
atom   39   Tr[ns(na)] (up, down, total) =   1.27309  4.97047  6.24356
   spin  1
    eigenvalues: 
  0.146  0.148  0.149  0.414  0.417
    eigenvectors:
  0.911  0.021  0.067  0.000  0.000
  0.034  0.023  0.354  0.001  0.588
  0.002  0.380  0.031  0.585  0.001
  0.043  0.002  0.542  0.022  0.390
  0.009  0.573  0.005  0.392  0.021
    occupations:
  0.146 -0.000  0.000 -0.001  0.000
 -0.000  0.306  0.001 -0.130  0.024
  0.000  0.001  0.304  0.024  0.128
 -0.001 -0.130  0.024  0.259  0.001
  0.000  0.024  0.128  0.001  0.258
   spin  2
    eigenvalues: 
  0.990  0.991  0.997  0.997  0.997
    eigenvectors:
  0.000  0.000  0.839  0.004  0.157
  0.541  0.007  0.058  0.049  0.345
  0.007  0.533  0.016  0.410  0.035
  0.450  0.003  0.054  0.137  0.356
  0.003  0.456  0.034  0.400  0.107
    occupations:
  0.997  0.000 -0.000  0.000 -0.000
  0.000  0.993 -0.000  0.003 -0.001
 -0.000 -0.000  0.993 -0.001 -0.003
  0.000  0.003 -0.001  0.994 -0.000
 -0.000 -0.001 -0.003 -0.000  0.994
atomic mag. moment =    -3.697385
atom   40   Tr[ns(na)] (up, down, total) =   4.97077  1.27234  6.24310
   spin  1
    eigenvalues: 
  0.990  0.991  0.997  0.997  0.997
    eigenvectors:
  0.000  0.000  0.012  0.020  0.968
  0.093  0.484  0.000  0.414  0.008
  0.482  0.094  0.419  0.000  0.005
  0.134  0.289  0.017  0.551  0.009
  0.291  0.132  0.553  0.014  0.010
    occupations:
  0.997 -0.000 -0.000 -0.000 -0.000
 -0.000  0.993 -0.000 -0.003 -0.001
 -0.000 -0.000  0.993 -0.001  0.003
 -0.000 -0.003 -0.001  0.994  0.000
 -0.000 -0.001  0.003  0.000  0.994
   spin  2
    eigenvalues: 
  0.145  0.146  0.147  0.416  0.418
    eigenvectors:
  0.944  0.000  0.056  0.000  0.000
  0.001  0.394  0.003  0.290  0.311
  0.023  0.004  0.374  0.308  0.292
  0.003  0.562  0.035  0.258  0.141
  0.030  0.040  0.532  0.144  0.255
    occupations:
  0.145  0.000  0.001  0.000 -0.000
  0.000  0.309 -0.001  0.131  0.021
  0.001 -0.001  0.309  0.021 -0.131
  0.000  0.131  0.021  0.254 -0.000
 -0.000  0.021 -0.131 -0.000  0.255
atomic mag. moment =     3.698427
atom   41   Tr[ns(na)] (up, down, total) =   1.27242  4.97085  6.24327
   spin  1
    eigenvalues: 
  0.146  0.147  0.147  0.416  0.417
    eigenvectors:
  0.927  0.071  0.002  0.000  0.000
  0.008  0.050  0.342  0.596  0.004
  0.022  0.324  0.058  0.004  0.592
  0.006  0.026  0.568  0.376  0.024
  0.038  0.528  0.031  0.023  0.380
    occupations:
  0.146  0.000  0.000 -0.000  0.000
  0.000  0.308  0.000 -0.130  0.021
  0.000  0.000  0.308  0.021  0.131
 -0.000 -0.130  0.021  0.255  0.001
  0.000  0.021  0.131  0.001  0.256
   spin  2
    eigenvalues: 
  0.991  0.991  0.997  0.997  0.997
    eigenvectors:
  0.000  0.000  0.042  0.001  0.957
  0.134  0.441  0.404  0.004  0.017
  0.438  0.132  0.003  0.426  0.001
  0.043  0.383  0.511  0.042  0.021
  0.386  0.044  0.039  0.527  0.004
    occupations:
  0.997 -0.000 -0.000  0.000 -0.000
 -0.000  0.993 -0.000  0.003 -0.001
 -0.000 -0.000  0.993 -0.001 -0.003
  0.000  0.003 -0.001  0.994 -0.000
 -0.000 -0.001 -0.003 -0.000  0.994
atomic mag. moment =    -3.698435
atom   42   Tr[ns(na)] (up, down, total) =   4.97066  1.27295  6.24361
   spin  1
    eigenvalues: 
  0.990  0.991  0.997  0.997  0.997
    eigenvectors:
  0.000  0.000  0.649  0.017  0.334
  0.025  0.525  0.029  0.298  0.122
  0.528  0.025  0.132  0.143  0.172
  0.000  0.449  0.010  0.453  0.088
  0.446  0.000  0.181  0.088  0.284
    occupations:
  0.997 -0.000  0.000 -0.000 -0.000
 -0.000  0.993  0.000 -0.003 -0.001
  0.000  0.000  0.993 -0.001  0.003
 -0.000 -0.003 -0.001  0.994 -0.000
 -0.000 -0.001  0.003 -0.000  0.994
   spin  2
    eigenvalues: 
  0.145  0.148  0.149  0.414  0.417
    eigenvectors:
  0.805  0.028  0.167  0.000  0.000
  0.034  0.089  0.286  0.529  0.061
  0.044  0.305  0.059  0.064  0.529
  0.031  0.227  0.333  0.399  0.010
  0.085  0.351  0.155  0.009  0.400
    occupations:
  0.146  0.000 -0.000  0.001  0.002
  0.000  0.305  0.000  0.128  0.024
 -0.000  0.000  0.307  0.023 -0.130
  0.001  0.128  0.023  0.257  0.001
  0.002  0.024 -0.130  0.001  0.258
atomic mag. moment =     3.697717
atom   43   Tr[ns(na)] (up, down, total) =   1.28257  4.97215  6.25472
   spin  1
    eigenvalues: 
  0.149  0.150  0.153  0.413  0.418
    eigenvectors:
  0.042  0.023  0.934  0.000  0.000
  0.369  0.050  0.010  0.530  0.041
  0.044  0.370  0.018  0.038  0.529
  0.535  0.017  0.017  0.429  0.002
  0.009  0.540  0.020  0.003  0.427
    occupations:
  0.152  0.001  0.002 -0.002  0.001
  0.001  0.300  0.002 -0.129  0.025
  0.002  0.002  0.302  0.024  0.130
 -0.002 -0.129  0.024  0.263  0.001
  0.001  0.025  0.130  0.001  0.265
   spin  2
    eigenvalues: 
  0.991  0.991  0.997  0.997  0.997
    eigenvectors:
  0.000  0.000  0.254  0.023  0.723
  0.072  0.433  0.202  0.253  0.039
  0.433  0.067  0.152  0.241  0.106
  0.008  0.489  0.135  0.359  0.009
  0.486  0.010  0.256  0.124  0.123
    occupations:
  0.997 -0.000 -0.000  0.000 -0.000
 -0.000  0.994 -0.000  0.003 -0.001
 -0.000 -0.000  0.994 -0.001 -0.003
  0.000  0.003 -0.001  0.994 -0.000
 -0.000 -0.001 -0.003 -0.000  0.994
atomic mag. moment =    -3.689588
atom   44   Tr[ns(na)] (up, down, total) =   4.90221  1.38954  6.29174
   spin  1
    eigenvalues: 
  0.944  0.972  0.995  0.995  0.996
    eigenvectors:
  0.000  0.000  0.332  0.046  0.622
  0.231  0.410  0.001  0.325  0.032
  0.410  0.231  0.241  0.018  0.101
  0.054  0.305  0.012  0.611  0.018
  0.305  0.055  0.413  0.000  0.227
    occupations:
  0.995 -0.000 -0.000 -0.000  0.000
 -0.000  0.974 -0.008 -0.014  0.010
 -0.000 -0.008  0.969 -0.001  0.021
 -0.000 -0.014 -0.001  0.985  0.003
  0.000  0.010  0.021  0.003  0.979
   spin  2
    eigenvalues: 
  0.136  0.165  0.170  0.449  0.469
    eigenvectors:
  0.995  0.000  0.005  0.000  0.000
  0.001  0.242  0.134  0.449  0.174
  0.001  0.133  0.205  0.173  0.488
  0.001  0.520  0.098  0.349  0.032
  0.003  0.104  0.558  0.029  0.306
    occupations:
  0.136 -0.001  0.001  0.000 -0.003
 -0.001  0.346  0.010  0.135 -0.036
  0.001  0.010  0.364 -0.033 -0.136
  0.000  0.135 -0.033  0.274 -0.002
 -0.003 -0.036 -0.136 -0.002  0.269
atomic mag. moment =     3.512670
atom   45   Tr[ns(na)] (up, down, total) =   1.24209  4.97228  6.21437
   spin  1
    eigenvalues: 
  0.138  0.140  0.141  0.410  0.413
    eigenvectors:
  0.004  0.095  0.902  0.000  0.000
  0.320  0.126  0.007  0.064  0.483
  0.121  0.278  0.038  0.502  0.062
  0.485  0.065  0.001  0.119  0.331
  0.071  0.437  0.053  0.316  0.124
    occupations:
  0.141  0.001  0.000 -0.000  0.001
  0.001  0.289 -0.001 -0.134  0.028
  0.000 -0.001  0.292  0.027  0.131
 -0.000 -0.134  0.027  0.261 -0.004
  0.001  0.028  0.131 -0.004  0.259
   spin  2
    eigenvalues: 
  0.991  0.992  0.996  0.997  0.997
    eigenvectors:
  0.000  0.000  0.999  0.000  0.001
  0.353  0.190  0.000  0.081  0.376
  0.188  0.355  0.000  0.378  0.079
  0.230  0.227  0.000  0.041  0.502
  0.229  0.229  0.000  0.500  0.042
    occupations:
  0.996  0.000 -0.000  0.000  0.000
  0.000  0.994 -0.000  0.002 -0.000
 -0.000 -0.000  0.994 -0.000 -0.002
  0.000  0.002 -0.000  0.994  0.000
  0.000 -0.000 -0.002  0.000  0.994
atomic mag. moment =    -3.730190
atom   67   Tr[ns(na)] (up, down, total) =   4.57507  2.22082  6.79589
   spin  1
    eigenvalues: 
  0.801  0.810  0.986  0.988  0.990
    eigenvectors:
  0.000  0.000  0.007  0.128  0.865
  0.135  0.340  0.204  0.291  0.029
  0.373  0.131  0.313  0.147  0.036
  0.352  0.156  0.018  0.418  0.056
  0.140  0.373  0.458  0.016  0.013
    occupations:
  0.990 -0.001  0.001  0.001 -0.002
 -0.001  0.902 -0.004 -0.082 -0.037
  0.001 -0.004  0.895 -0.042  0.081
  0.001 -0.082 -0.042  0.894 -0.002
 -0.002 -0.037  0.081 -0.002  0.895
   spin  2
    eigenvalues: 
  0.353  0.372  0.406  0.542  0.547
    eigenvectors:
  0.788  0.103  0.106  0.002  0.000
  0.002  0.386  0.287  0.221  0.104
  0.115  0.179  0.322  0.099  0.286
  0.041  0.332  0.000  0.078  0.549
  0.054  0.000  0.285  0.600  0.061
    occupations:
  0.361  0.002 -0.009  0.003 -0.017
  0.002  0.438 -0.006  0.064  0.038
 -0.009 -0.006  0.448  0.056 -0.056
  0.003  0.064  0.056  0.481  0.006
 -0.017  0.038 -0.056  0.006  0.494
atomic mag. moment =     2.354248
atom   68   Tr[ns(na)] (up, down, total) =   2.21303  4.57902  6.79205
   spin  1
    eigenvalues: 
  0.354  0.375  0.396  0.540  0.549
    eigenvectors:
  0.764  0.236  0.000  0.000  0.000
  0.066  0.218  0.352  0.156  0.208
  0.071  0.252  0.306  0.186  0.185
  0.001  0.004  0.337  0.637  0.021
  0.098  0.291  0.004  0.020  0.586
    occupations:
  0.359  0.004  0.003 -0.001 -0.008
  0.004  0.443 -0.002 -0.057  0.054
  0.003 -0.002  0.443  0.039  0.068
 -0.001 -0.057  0.039  0.491  0.001
 -0.008  0.054  0.068  0.001  0.478
   spin  2
    eigenvalues: 
  0.804  0.810  0.987  0.987  0.991
    eigenvectors:
  0.001  0.000  0.045  0.121  0.833
  0.308  0.170  0.438  0.079  0.005
  0.196  0.312  0.062  0.355  0.075
  0.113  0.414  0.452  0.000  0.021
  0.382  0.103  0.004  0.445  0.066
    occupations:
  0.990 -0.004 -0.001  0.002 -0.004
 -0.004  0.900 -0.004  0.081 -0.039
 -0.001 -0.004  0.896 -0.036 -0.082
  0.002  0.081 -0.036  0.893  0.002
 -0.004 -0.039 -0.082  0.002  0.899
atomic mag. moment =    -2.365986
atom   69   Tr[ns(na)] (up, down, total) =   4.97202  1.25175  6.22377
   spin  1
    eigenvalues: 
  0.991  0.991  0.996  0.997  0.997
    eigenvectors:
  0.000  0.000  0.999  0.000  0.001
  0.514  0.035  0.000  0.435  0.016
  0.034  0.507  0.000  0.016  0.442
  0.448  0.003  0.000  0.482  0.066
  0.004  0.454  0.000  0.066  0.475
    occupations:
  0.996 -0.000 -0.000 -0.000  0.000
 -0.000  0.994 -0.000 -0.003 -0.000
 -0.000 -0.000  0.994 -0.000  0.003
 -0.000 -0.003 -0.000  0.994  0.000
  0.000 -0.000  0.003  0.000  0.994
   spin  2
    eigenvalues: 
  0.141  0.142  0.144  0.413  0.413
    eigenvectors:
  0.884  0.060  0.056  0.000  0.000
  0.010  0.054  0.375  0.558  0.002
  0.043  0.365  0.040  0.003  0.549
  0.024  0.007  0.528  0.395  0.047
  0.039  0.514  0.001  0.045  0.401
    occupations:
  0.141  0.003 -0.000  0.001  0.001
  0.003  0.294 -0.001  0.129  0.034
 -0.000 -0.001  0.291  0.034 -0.130
  0.001  0.129  0.034  0.263 -0.001
  0.001  0.034 -0.130 -0.001  0.263
atomic mag. moment =     3.720273
atom   70   Tr[ns(na)] (up, down, total) =   1.38946  4.90224  6.29170
   spin  1
    eigenvalues: 
  0.136  0.165  0.170  0.449  0.469
    eigenvectors:
  0.995  0.000  0.005  0.000  0.000
  0.000  0.316  0.043  0.483  0.157
  0.002  0.059  0.296  0.139  0.505
  0.001  0.411  0.239  0.196  0.152
  0.002  0.214  0.417  0.182  0.186
    occupations:
  0.136 -0.001  0.001  0.002 -0.002
 -0.001  0.350  0.013 -0.134 -0.033
  0.001  0.013  0.359 -0.036  0.137
  0.002 -0.134 -0.036  0.268  0.001
 -0.002 -0.033  0.137  0.001  0.275
   spin  2
    eigenvalues: 
  0.944  0.972  0.995  0.995  0.996
    eigenvectors:
  0.000  0.000  0.333  0.046  0.621
  0.099  0.541  0.165  0.161  0.035
  0.542  0.099  0.077  0.182  0.099
  0.131  0.229  0.374  0.146  0.120
  0.228  0.131  0.051  0.465  0.126
    occupations:
  0.995  0.000  0.000 -0.000  0.000
  0.000  0.978 -0.006  0.014 -0.001
  0.000 -0.006  0.965  0.010 -0.021
 -0.000  0.014  0.010  0.983  0.005
  0.000 -0.001 -0.021  0.005  0.981
atomic mag. moment =    -3.512781
atom   71   Tr[ns(na)] (up, down, total) =   4.97166  1.27893  6.25058
   spin  1
    eigenvalues: 
  0.991  0.991  0.997  0.997  0.997
    eigenvectors:
  0.000  0.000  0.099  0.004  0.897
  0.094  0.413  0.001  0.491  0.002
  0.424  0.097  0.432  0.000  0.048
  0.023  0.469  0.016  0.483  0.008
  0.459  0.021  0.452  0.021  0.046
    occupations:
  0.997 -0.000 -0.000 -0.000 -0.000
 -0.000  0.994  0.000 -0.003 -0.001
 -0.000  0.000  0.994 -0.001  0.003
 -0.000 -0.003 -0.001  0.994 -0.000
 -0.000 -0.001  0.003 -0.000  0.994
   spin  2
    eigenvalues: 
  0.147  0.149  0.152  0.409  0.422
    eigenvectors:
  0.251  0.004  0.744  0.000  0.000
  0.003  0.427  0.006  0.369  0.195
  0.319  0.007  0.099  0.198  0.378
  0.004  0.560  0.001  0.354  0.082
  0.424  0.002  0.150  0.079  0.345
    occupations:
  0.151 -0.001  0.003 -0.000 -0.000
 -0.001  0.298 -0.004  0.129  0.026
  0.003 -0.004  0.303  0.021 -0.131
 -0.000  0.129  0.021  0.263  0.002
 -0.000  0.026 -0.131  0.002  0.263
atomic mag. moment =     3.692729
atom   72   Tr[ns(na)] (up, down, total) =   1.27294  4.97066  6.24360
   spin  1
    eigenvalues: 
  0.145  0.148  0.149  0.414  0.417
    eigenvectors:
  0.806  0.027  0.167  0.000  0.000
  0.075  0.108  0.228  0.021  0.568
  0.003  0.287  0.117  0.571  0.022
  0.116  0.075  0.397  0.054  0.357
  0.000  0.503  0.091  0.353  0.053
    occupations:
  0.146  0.000  0.000 -0.002 -0.000
  0.000  0.306  0.001 -0.130  0.024
  0.000  0.001  0.306  0.023  0.129
 -0.002 -0.130  0.023  0.259  0.000
 -0.000  0.024  0.129  0.000  0.256
   spin  2
    eigenvalues: 
  0.990  0.991  0.997  0.997  0.997
    eigenvectors:
  0.000  0.000  0.649  0.017  0.334
  0.502  0.051  0.159  0.003  0.284
  0.051  0.500  0.001  0.438  0.009
  0.343  0.104  0.175  0.006  0.372
  0.103  0.345  0.016  0.535  0.000
    occupations:
  0.997 -0.000  0.000  0.000  0.000
 -0.000  0.993 -0.000  0.003 -0.001
  0.000 -0.000  0.993 -0.001 -0.003
  0.000  0.003 -0.001  0.994  0.000
  0.000 -0.001 -0.003  0.000  0.994
atomic mag. moment =    -3.697725
atom   73   Tr[ns(na)] (up, down, total) =   4.97100  1.27302  6.24403
   spin  1
    eigenvalues: 
  0.991  0.991  0.997  0.997  0.997
    eigenvectors:
  0.000  0.000  0.046  0.055  0.899
  0.478  0.090  0.012  0.403  0.018
  0.091  0.474  0.402  0.006  0.027
  0.293  0.141  0.000  0.533  0.034
  0.138  0.295  0.540  0.003  0.023
    occupations:
  0.997 -0.000 -0.000  0.000 -0.000
 -0.000  0.993  0.000 -0.003 -0.001
 -0.000  0.000  0.993 -0.001  0.003
  0.000 -0.003 -0.001  0.994 -0.000
 -0.000 -0.001  0.003 -0.000  0.994
   spin  2
    eigenvalues: 
  0.146  0.147  0.148  0.416  0.416
    eigenvectors:
  0.849  0.001  0.150  0.000  0.000
  0.001  0.394  0.010  0.563  0.033
  0.060  0.010  0.333  0.033  0.564
  0.006  0.535  0.055  0.342  0.063
  0.084  0.061  0.452  0.062  0.341
    occupations:
  0.146 -0.000  0.000 -0.000  0.000
 -0.000  0.307 -0.000  0.130  0.022
  0.000 -0.000  0.308  0.022 -0.130
 -0.000  0.130  0.022  0.256 -0.000
  0.000  0.022 -0.130 -0.000  0.256
atomic mag. moment =     3.697980
atom   74   Tr[ns(na)] (up, down, total) =   1.27286  4.97082  6.24368
   spin  1
    eigenvalues: 
  0.146  0.147  0.147  0.416  0.417
    eigenvectors:
  0.958  0.008  0.033  0.000  0.000
  0.002  0.390  0.011  0.016  0.581
  0.016  0.010  0.383  0.575  0.017
  0.004  0.592  0.000  0.043  0.360
  0.020  0.000  0.572  0.366  0.042
    occupations:
  0.146 -0.001  0.000  0.001 -0.000
 -0.001  0.308  0.001 -0.131  0.021
  0.000  0.001  0.306  0.021  0.130
  0.001 -0.131  0.021  0.256  0.000
 -0.000  0.021  0.130  0.000  0.257
   spin  2
    eigenvalues: 
  0.991  0.991  0.997  0.997  0.997
    eigenvectors:
  0.000  0.000  0.015  0.001  0.984
  0.570  0.001  0.055  0.373  0.002
  0.001  0.563  0.372  0.059  0.005
  0.410  0.021  0.021  0.547  0.002
  0.020  0.415  0.537  0.020  0.008
    occupations:
  0.997  0.000 -0.000 -0.000  0.000
  0.000  0.993 -0.000  0.003 -0.001
 -0.000 -0.000  0.993 -0.001 -0.003
 -0.000  0.003 -0.001  0.994 -0.000
  0.000 -0.001 -0.003 -0.000  0.994
atomic mag. moment =    -3.697956
atom   75   Tr[ns(na)] (up, down, total) =   4.97047  1.27309  6.24357
   spin  1
    eigenvalues: 
  0.990  0.991  0.997  0.997  0.997
    eigenvectors:
  0.000  0.000  0.840  0.004  0.156
  0.191  0.349  0.000  0.442  0.018
  0.356  0.192  0.073  0.017  0.362
  0.083  0.377  0.002  0.537  0.000
  0.369  0.082  0.085  0.000  0.463
    occupations:
  0.997  0.000 -0.000  0.000 -0.000
  0.000  0.993  0.000 -0.003 -0.001
 -0.000  0.000  0.993 -0.001  0.003
  0.000 -0.003 -0.001  0.994 -0.000
 -0.000 -0.001  0.003 -0.000  0.994
   spin  2
    eigenvalues: 
  0.146  0.148  0.149  0.414  0.417
    eigenvectors:
  0.912  0.021  0.067  0.000  0.000
  0.003  0.211  0.202  0.460  0.125
  0.033  0.193  0.184  0.126  0.464
  0.000  0.401  0.184  0.379  0.035
  0.052  0.174  0.364  0.034  0.376
    occupations:
  0.146 -0.000  0.000  0.000  0.001
 -0.000  0.304 -0.001  0.129  0.025
  0.000 -0.001  0.306  0.024 -0.129
  0.000  0.129  0.024  0.258  0.001
  0.001  0.025 -0.129  0.001  0.258
atomic mag. moment =     3.697381
atom   76   Tr[ns(na)] (up, down, total) =   1.27839  4.97164  6.25003
   spin  1
    eigenvalues: 
  0.146  0.149  0.151  0.410  0.423
    eigenvectors:
  0.165  0.120  0.715  0.000  0.000
  0.204  0.105  0.118  0.505  0.068
  0.158  0.270  0.000  0.062  0.510
  0.180  0.230  0.166  0.324  0.099
  0.293  0.276  0.001  0.108  0.322
    occupations:
  0.150  0.003 -0.003 -0.000 -0.004
  0.003  0.299 -0.005 -0.129  0.021
 -0.003 -0.005  0.304  0.024  0.133
 -0.000 -0.129  0.024  0.260  0.001
 -0.004  0.021  0.133  0.001  0.264
   spin  2
    eigenvalues: 
  0.991  0.991  0.997  0.997  0.997
    eigenvectors:
  0.000  0.000  0.073  0.059  0.868
  0.031  0.490  0.443  0.001  0.035
  0.486  0.028  0.000  0.459  0.027
  0.092  0.385  0.467  0.035  0.022
  0.391  0.097  0.017  0.447  0.048
    occupations:
  0.997 -0.000  0.000 -0.000  0.000
 -0.000  0.994  0.000  0.003 -0.001
  0.000  0.000  0.994 -0.001 -0.003
 -0.000  0.003 -0.001  0.994 -0.000
  0.000 -0.001 -0.003 -0.000  0.994
atomic mag. moment =    -3.693248
atom   77   Tr[ns(na)] (up, down, total) =   4.85307  1.51016  6.36324
   spin  1
    eigenvalues: 
  0.933  0.935  0.995  0.995  0.995
    eigenvectors:
  0.000  0.000  0.003  0.001  0.996
  0.502  0.132  0.037  0.329  0.001
  0.134  0.497  0.332  0.036  0.001
  0.191  0.177  0.202  0.427  0.002
  0.173  0.194  0.425  0.207  0.000
    occupations:
  0.995  0.000  0.000  0.000 -0.000
  0.000  0.956 -0.001 -0.028  0.009
  0.000 -0.001  0.957  0.008  0.028
  0.000 -0.028  0.008  0.973  0.000
 -0.000  0.009  0.028  0.000  0.973
   spin  2
    eigenvalues: 
  0.157  0.191  0.193  0.484  0.486
    eigenvectors:
  0.999  0.000  0.001  0.000  0.000
  0.000  0.099  0.256  0.641  0.004
  0.000  0.250  0.105  0.003  0.642
  0.001  0.068  0.573  0.347  0.011
  0.000  0.583  0.065  0.009  0.343
    occupations:
  0.157 -0.000 -0.001 -0.002  0.000
 -0.000  0.381  0.002  0.136 -0.033
 -0.001  0.002  0.381 -0.033 -0.137
 -0.002  0.136 -0.033  0.297  0.002
  0.000 -0.033 -0.137  0.002  0.295
atomic mag. moment =     3.342909
atom   78   Tr[ns(na)] (up, down, total) =   1.24181  4.97192  6.21372
   spin  1
    eigenvalues: 
  0.127  0.139  0.143  0.412  0.420
    eigenvectors:
  0.410  0.142  0.447  0.000  0.000
  0.237  0.081  0.103  0.323  0.256
  0.003  0.292  0.142  0.254  0.309
  0.308  0.191  0.076  0.145  0.279
  0.041  0.294  0.231  0.277  0.156
    occupations:
  0.136 -0.002  0.002 -0.007  0.006
 -0.002  0.297 -0.000 -0.137  0.026
  0.002 -0.000  0.296  0.030  0.133
 -0.007 -0.137  0.030  0.254  0.005
  0.006  0.026  0.133  0.005  0.259
   spin  2
    eigenvalues: 
  0.991  0.991  0.996  0.997  0.997
    eigenvectors:
  0.000  0.000  0.979  0.020  0.000
  0.045  0.499  0.000  0.009  0.448
  0.522  0.043  0.010  0.419  0.007
  0.071  0.383  0.000  0.000  0.545
  0.362  0.075  0.011  0.552  0.000
    occupations:
  0.996 -0.000 -0.000 -0.000 -0.000
 -0.000  0.994  0.000  0.003 -0.000
 -0.000  0.000  0.994 -0.000 -0.003
 -0.000  0.003 -0.000  0.994  0.000
 -0.000 -0.000 -0.003  0.000  0.994
atomic mag. moment =    -3.730109
atom  100   Tr[ns(na)] (up, down, total) =   4.57899  2.21308  6.79207
   spin  1
    eigenvalues: 
  0.804  0.810  0.987  0.987  0.991
    eigenvectors:
  0.001  0.000  0.045  0.120  0.834
  0.011  0.476  0.298  0.141  0.073
  0.493  0.006  0.202  0.293  0.006
  0.134  0.360  0.080  0.338  0.087
  0.361  0.157  0.375  0.107  0.000
    occupations:
  0.990 -0.001  0.004  0.002 -0.004
 -0.001  0.901 -0.004 -0.081 -0.037
  0.004 -0.004  0.896 -0.039  0.082
  0.002 -0.081 -0.039  0.899 -0.002
 -0.004 -0.037  0.082 -0.002  0.893
   spin  2
    eigenvalues: 
  0.354  0.375  0.396  0.540  0.549
    eigenvectors:
  0.764  0.236  0.000  0.000  0.000
  0.010  0.040  0.602  0.326  0.021
  0.126  0.430  0.056  0.016  0.372
  0.067  0.190  0.121  0.273  0.349
  0.033  0.105  0.221  0.385  0.258
    occupations:
  0.359 -0.001 -0.005  0.007 -0.004
 -0.001  0.445 -0.001  0.059  0.038
 -0.005 -0.001  0.441  0.055 -0.066
  0.007  0.059  0.055  0.482  0.006
 -0.004  0.038 -0.066  0.006  0.487
atomic mag. moment =     2.365918
atom  101   Tr[ns(na)] (up, down, total) =   2.16576  4.59545  6.76121
   spin  1
    eigenvalues: 
  0.228  0.411  0.445  0.530  0.552
    eigenvectors:
  0.534  0.368  0.003  0.085  0.010
  0.060  0.130  0.263  0.042  0.505
  0.086  0.315  0.334  0.236  0.029
  0.001  0.083  0.399  0.314  0.203
  0.320  0.104  0.001  0.323  0.253
    occupations:
  0.325  0.029  0.021 -0.011 -0.103
  0.029  0.485 -0.018 -0.049  0.062
  0.021 -0.018  0.439  0.008  0.075
 -0.011 -0.049  0.008  0.490  0.009
 -0.103  0.062  0.075  0.009  0.427
   spin  2
    eigenvalues: 
  0.805  0.812  0.990  0.993  0.995
    eigenvectors:
  0.006  0.013  0.367  0.131  0.483
  0.222  0.364  0.092  0.147  0.175
  0.330  0.190  0.262  0.213  0.005
  0.054  0.363  0.175  0.073  0.335
  0.388  0.070  0.104  0.436  0.003
    occupations:
  0.989 -0.004  0.017  0.011  0.015
 -0.004  0.886 -0.003  0.086 -0.026
  0.017 -0.003  0.896 -0.022 -0.087
  0.011  0.086 -0.022  0.918 -0.002
  0.015 -0.026 -0.087 -0.002  0.907
